ID,Tahun,Country,Provinsi,Enkasari,Fituno,Magasida,Antifect,Neurovit-E,Batugin,Salicylc KF,Fitocare,Venus,Marcks,Fluconazole,Quinine,Antasida,Paracetamol,Clopidogrel,Morfina,Proxicam,Offline Distribution,Online Distribution,Total Sales
96-204-4245,2022,ID,ACEH,7361,7467,2617,1192,6856,8024,8363,4195,1987,271,9159,8525,6173,423,6961,8893,8361,0.78,0.22,96828
50-918-2125,2022,ID,SUMATERA UTARA,9583,7218,8522,8927,1497,1362,1625,8892,8374,5016,2358,7964,5353,4459,4789,2924,7677,0.8,0.2,96540
72-695-6400,2022,ID,SUMATERA BARAT,7287,4289,6528,679,8091,8641,4535,5209,3285,3082,7770,2832,9131,1363,2608,2857,2100,0.68,0.32,80287
83-291-2009,2022,ID,RIAU,5288,454,7613,1562,6184,7728,1902,2273,2583,4058,8110,3780,1495,8014,5970,6156,9450,0.79,0.21,82620
90-858-4174,2022,ID,JAMBI,2415,6036,5608,2045,4184,4718,2188,4963,8999,8396,6376,752,3260,3401,2312,8564,1627,0.65,0.35,75844
70-785-8944,2022,ID,SUMATERA SELATAN,1290,3295,5732,7790,1501,3175,8353,9813,6064,9778,3716,8171,7309,3006,9865,5115,8690,0.68,0.32,102663
74-592-0230,2022,ID,BENGKULU,6873,6415,6307,846,8531,5492,145,6862,5409,9600,3139,8991,2976,199,1579,2402,8030,0.76,0.24,83796
67-929-7469,2022,ID,LAMPUNG,8086,1754,1728,2254,9305,372,3224,7088,8465,5392,8804,3674,7371,901,6643,7900,404,0.67,0.33,83365
72-903-5617,2022,ID,KEP. BANGKA BELITUNG,182,8179,5618,4328,1097,9879,5702,2125,7322,6829,5225,2777,3199,9662,681,2653,2678,0.69,0.31,78136
30-950-8051,2022,ID,KEP. RIAU,1439,4621,500,2067,778,7393,2580,3739,5269,4090,7906,7066,6458,4461,9870,1350,775,0.68,0.32,70362
74-410-2148,2022,ID,DKI JAKARTA,2326,704,5450,3139,756,9451,722,3004,3368,8931,1548,9779,7025,4408,9628,9073,3892,0.61,0.39,83204
28-784-2282,2022,ID,JAWA BARAT,8275,6193,5416,8443,4733,7934,4412,3264,2277,967,7618,3275,4450,5954,8336,166,4813,0.74,0.26,86526
81-081-1094,2022,ID,JAWA TENGAH,811,652,2558,460,7570,4282,893,4824,8479,4789,5614,8811,7081,9197,6055,7835,9749,0.6,0.4,89660
29-157-6881,2022,ID,DI YOGYAKARTA,8910,6501,6339,5277,2141,2033,9939,7581,3063,7921,4349,6671,3569,4684,2321,7745,2791,0.77,0.23,91835
96-252-3053,2022,ID,JAWA TIMUR,2087,571,2445,8066,9056,9804,8105,1238,199,6323,8450,2125,8092,6317,8106,2392,4889,0.76,0.24,88265
29-137-2220,2022,ID,BANTEN,6626,7260,3038,5115,5859,1205,7544,7231,8390,2310,9956,3123,5562,8593,4446,1207,5871,0.71,0.29,93336
00-217-4555,2022,ID,BALI,602,8430,3293,8302,4600,9371,285,3467,3344,3951,1630,5401,7290,2877,4027,5060,1569,0.78,0.22,73499
60-155-0226,2022,ID,NUSA TENGGARA BARAT,967,9348,8964,3419,7933,9932,7111,7960,6637,1510,1342,4590,7664,3288,6516,4690,8608,0.59,0.41,100479
91-563-2895,2022,ID,NUSA TENGGARA TIMUR,4950,5369,2356,5621,8476,5751,6047,1968,5545,7841,4003,8645,6262,768,9759,9077,5812,0.63,0.37,98250
46-755-7788,2022,ID,KALIMANTAN BARAT,4775,4288,3975,8697,7102,3134,5468,6527,463,9032,1556,2739,3463,4185,1614,5486,1962,0.7,0.3,74466
65-897-5795,2022,ID,KALIMANTAN TENGAH,1348,4125,1808,3946,8324,9126,3930,8713,1379,6117,6299,5114,7503,9312,7180,1880,1582,0.68,0.32,87686
20-232-3420,2022,ID,KALIMANTAN SELATAN,9378,8652,7022,8430,8998,8298,4656,348,9082,2417,245,297,6033,2250,8998,2098,4843,0.64,0.36,92045
64-368-3714,2022,ID,KALIMANTAN TIMUR,1446,8420,8968,6608,9705,2847,1512,3151,8818,4429,5966,6775,8627,704,5174,3286,7987,0.77,0.23,94423
96-989-1198,2022,ID,KALIMANTAN UTARA,1134,6684,9169,7113,3028,5866,7919,6214,3357,4489,1939,9071,3670,2772,4487,1776,2728,0.78,0.22,81416
97-622-3339,2022,ID,SULAWESI UTARA,9690,2370,6869,1596,1378,9201,1494,2658,3260,4596,7440,8003,2809,479,6424,9524,1850,0.63,0.37,79641
85-548-3126,2022,ID,SULAWESI TENGAH,4954,1135,1898,5061,1298,8835,6897,9343,9728,9149,6236,4329,5076,9378,1370,3726,1061,0.76,0.24,89474
82-629-3509,2022,ID,SULAWESI SELATAN,5457,700,2735,3178,5583,4098,4514,8836,4397,4873,5520,8537,9385,6185,9464,8116,4190,0.69,0.31,95768
89-166-8241,2022,ID,SULAWESI TENGGARA,115,6974,8634,6609,7540,4005,7027,4342,2043,5499,6530,1989,6316,9090,4015,8395,2406,0.6,0.4,91529
87-498-0648,2022,ID,GORONTALO,5640,1472,6269,7554,2391,9270,5450,9541,9042,3673,9038,6746,4689,8857,9328,3722,4509,0.8,0.2,107191
57-837-5252,2022,ID,SULAWESI BARAT,4143,3518,2313,1817,446,8155,3725,3073,5458,7749,2054,9590,2016,4419,5496,10000,3332,0.74,0.26,77304
90-192-3985,2022,ID,MALUKU,7019,2261,7797,7280,9342,6991,4367,7561,2447,5241,9180,2641,136,8112,1139,3496,1412,0.68,0.32,86422
95-386-2477,2022,ID,MALUKU UTARA,669,1754,9225,6808,8001,764,6308,605,5047,5354,423,966,1191,7206,8076,7400,248,0.69,0.31,70045
78-803-7890,2022,ID,PAPUA BARAT,7956,9000,9295,1697,2751,3768,5514,6885,3813,6854,1449,9703,7277,5219,3035,4077,2456,0.63,0.37,90749
37-080-7787,2022,ID,PAPUA,8667,1134,7671,9009,7701,3738,7746,8854,7682,6486,5536,4254,1980,9308,4165,1853,5828,0.59,0.41,101612
09-028-8480,2021,ID,ACEH,3377,1881,2642,1289,4693,8436,1054,2351,5096,2515,2089,4098,3243,9471,2312,7218,5304,0.79,0.21,67069
08-698-6069,2021,ID,SUMATERA UTARA,1049,675,6604,3347,7361,7944,8773,9532,2376,4516,7042,7601,1102,9595,5381,4370,9927,0.6,0.4,97195
60-512-8460,2021,ID,SUMATERA BARAT,1495,8990,154,1439,9602,8536,3769,2128,9798,9951,8137,291,6348,9015,2812,2281,2066,0.73,0.27,86812
49-084-9979,2021,ID,RIAU,6575,2929,5679,6792,1367,3168,1805,9950,3266,6184,1983,7249,8828,5791,6021,816,5681,0.66,0.34,84084
89-642-7972,2021,ID,JAMBI,9147,6994,3559,2044,7485,1454,5796,3926,4404,6131,3638,5706,9723,532,6535,1873,2118,0.68,0.32,81065
33-130-0897,2021,ID,SUMATERA SELATAN,7622,2013,152,5592,984,2494,6479,997,3843,6794,3290,2704,1218,7785,2102,3297,5943,0.66,0.34,63309
01-035-3240,2021,ID,BENGKULU,9034,8161,9040,7138,8876,8481,8003,7527,345,6357,7805,887,6144,196,6586,4315,7788,0.75,0.25,106683
99-745-6762,2021,ID,LAMPUNG,4584,1092,140,6567,6735,285,1027,2695,1749,5518,613,4478,6011,3860,2262,9899,766,0.75,0.25,58281
46-296-9230,2021,ID,KEP. BANGKA BELITUNG,9464,3191,116,1889,4006,5746,7093,5588,7449,3841,2579,1897,9618,5228,3581,7056,9665,0.74,0.26,88007
36-511-7845,2021,ID,KEP. RIAU,3697,5104,1671,3977,2283,2629,2310,9474,5674,1069,4131,1194,7446,6478,8505,8058,9410,0.74,0.26,83110
84-066-5234,2021,ID,DKI JAKARTA,7270,789,7263,1740,6761,5960,6605,8902,9072,5805,6506,1111,7631,548,6367,1806,4201,0.8,0.2,88337
20-118-6299,2021,ID,JAWA BARAT,5563,1309,2733,4610,2287,9678,1448,292,8971,7843,6689,2644,2258,7524,340,923,8970,0.78,0.22,74082
49-462-8491,2021,ID,JAWA TENGAH,8420,4646,3503,7675,7959,3765,4461,4096,9130,3197,4261,267,6124,1201,4188,6076,1997,0.7,0.3,80966
89-580-0552,2021,ID,DI YOGYAKARTA,5146,2821,3354,3432,3734,837,4987,2222,4626,6746,8815,7954,312,1250,8922,7921,2389,0.79,0.21,75468
83-504-3269,2021,ID,JAWA TIMUR,493,2430,4612,1931,9322,7998,7603,153,5045,6327,2221,5011,4278,2125,6455,2092,8154,0.67,0.33,76250
87-525-1740,2021,ID,BANTEN,4348,6808,6846,8249,4919,9319,1245,3906,2267,7494,5618,1793,6054,3751,1482,8030,8246,0.72,0.28,90375
86-136-3718,2021,ID,BALI,8811,5162,7276,1419,6706,6870,1336,6100,7392,8085,6836,2208,5625,4580,7781,9997,9856,0.73,0.27,106040
96-630-7190,2021,ID,NUSA TENGGARA BARAT,2737,9045,2442,3929,1914,2435,8567,3119,5052,9662,1841,6148,3809,5230,1501,500,6666,0.77,0.23,74597
78-035-3904,2021,ID,NUSA TENGGARA TIMUR,2802,545,3914,1963,9410,2797,7167,516,5847,8284,9457,2660,9527,9529,8430,2040,2193,0.8,0.2,87081
87-469-7287,2021,ID,KALIMANTAN BARAT,7814,6418,8477,4595,5077,8306,6158,2332,7610,3010,6770,6123,7911,3417,3480,2310,2593,0.76,0.24,92401
90-719-3672,2021,ID,KALIMANTAN TENGAH,282,169,6855,3832,4930,8956,2790,4035,2948,5896,421,2744,1064,438,6236,6674,6624,0.72,0.28,64894
43-934-0077,2021,ID,KALIMANTAN SELATAN,7151,6948,1307,7448,5926,5114,5291,2650,4511,9990,3069,571,1457,1170,2742,6345,2025,0.67,0.33,73715
46-998-4119,2021,ID,KALIMANTAN TIMUR,3300,6131,6969,8834,10000,506,6467,7499,948,4885,5652,3566,5839,9089,7526,305,3662,0.64,0.36,91178
92-518-7689,2021,ID,KALIMANTAN UTARA,7408,1679,9794,561,9709,2455,8722,7153,4009,8260,4752,5173,2719,197,1835,9860,2142,0.68,0.32,86428
35-535-4879,2021,ID,SULAWESI UTARA,8535,960,8042,7745,6578,3930,4846,2285,5307,723,6715,7983,7646,5709,9397,6049,7946,0.65,0.35,100396
06-018-2541,2021,ID,SULAWESI TENGAH,8361,2436,5050,9174,8466,3594,7820,2047,8266,6755,4147,1188,6283,8246,620,8889,8125,0.69,0.31,99467
53-058-0445,2021,ID,SULAWESI SELATAN,250,5969,4602,9895,7913,1484,8317,5208,3870,255,3717,825,5825,1594,3203,5178,4341,0.64,0.36,72446
26-637-3118,2021,ID,SULAWESI TENGGARA,9385,5240,249,367,2906,9259,937,1496,3715,2324,7729,4392,4925,6204,6606,3298,8539,0.72,0.28,77571
12-945-5550,2021,ID,GORONTALO,1089,8702,156,937,8491,2718,9697,689,1900,1257,8147,9292,5472,2816,3083,1942,9972,0.71,0.29,76360
09-401-9245,2021,ID,SULAWESI BARAT,1109,5508,9605,7839,2815,6082,9448,2865,5723,9489,2566,6037,8290,9170,9879,8076,5506,0.63,0.37,110007
11-898-3295,2021,ID,MALUKU,6878,9162,9140,7812,255,9521,4252,2024,4645,3125,7103,6470,2067,8569,2295,6857,3890,0.62,0.38,94065
70-016-7213,2021,ID,MALUKU UTARA,4355,5802,9539,5334,2262,5361,9875,7508,9507,4728,2473,6897,106,545,5092,8803,1936,0.69,0.31,90123
15-456-7973,2021,ID,PAPUA BARAT,3927,7829,1794,5140,6646,9831,9455,2981,5264,578,3564,3938,6937,9658,194,1236,7349,0.7,0.3,86321
01-553-4776,2021,ID,PAPUA,9190,4651,6410,9742,7560,5266,5761,3460,1113,865,9082,8386,1232,1447,4610,8604,2252,0.78,0.22,89631
21-831-3443,2020,ID,ACEH,5562,1818,4168,9367,9588,8588,6825,8593,7150,8637,2095,4005,5123,2939,2889,5133,6702,0.66,0.34,99182
34-174-7765,2020,ID,SUMATERA UTARA,3501,3979,8186,9413,2965,6323,9741,1078,9938,2824,4694,8612,866,5623,2361,8789,9437,0.75,0.25,98330
81-971-0150,2020,ID,SUMATERA BARAT,7314,6126,9257,9096,197,1503,177,2051,8208,4525,679,6374,7047,2505,325,3351,8396,0.71,0.29,77131
08-337-8443,2020,ID,RIAU,9963,3089,8628,8403,7801,7675,9526,1375,8675,5831,2055,4922,7575,3379,1583,9567,8232,0.61,0.39,108279
68-195-8021,2020,ID,JAMBI,9938,3799,6861,4256,8405,8180,2743,8030,6041,3481,705,7072,4576,7002,9328,1267,3208,0.78,0.22,94892
56-032-4012,2020,ID,SUMATERA SELATAN,9020,7021,5203,2884,9369,5846,483,229,2119,7953,9912,2936,4139,7859,7356,7862,7654,0.64,0.36,97845
92-049-1046,2020,ID,BENGKULU,7932,7751,9646,7663,3709,2019,9844,8323,3879,4586,4234,6152,3522,3643,2667,3961,6822,0.75,0.25,96353
80-355-9124,2020,ID,LAMPUNG,4166,1720,5873,6416,4489,8815,3641,1997,3959,7654,5712,3619,9164,7998,3679,5195,7212,0.65,0.35,91309
14-105-9948,2020,ID,KEP. BANGKA BELITUNG,8024,8124,8530,6208,2036,8718,8666,7479,7405,8607,2078,199,2985,5270,6120,2908,2381,0.76,0.24,95738
62-754-0739,2020,ID,KEP. RIAU,4309,5256,5191,9087,6563,8583,9704,2470,2472,5753,7688,8621,6356,6579,4536,8095,9526,0.73,0.27,110789
72-189-2880,2020,ID,DKI JAKARTA,3980,1829,9571,5292,2693,4619,2810,5643,6230,8590,8204,5202,2080,2813,8894,7043,9377,0.77,0.23,94870
56-715-3304,2020,ID,JAWA BARAT,774,5387,6874,6533,9680,9766,2714,4142,5074,8628,9373,1041,8535,3423,3610,6963,5746,0.68,0.32,98263
19-199-0741,2020,ID,JAWA TENGAH,6184,8558,5513,6699,5321,9443,4994,3761,1484,6615,4478,9121,3162,7854,1502,183,7269,0.64,0.36,92141
32-123-1342,2020,ID,DI YOGYAKARTA,3348,9882,1526,9236,2030,7661,6120,8534,7985,1545,8776,5672,9120,4643,3140,4819,1571,0.77,0.23,95608
68-269-1558,2020,ID,JAWA TIMUR,1123,7097,1817,2264,1537,428,1574,5297,3876,2745,4267,4635,6715,687,1952,8690,1137,0.67,0.33,55841
61-249-7671,2020,ID,BANTEN,1232,7881,3520,1848,8082,8264,7964,4818,5833,3483,1694,5871,9894,4453,9917,7287,9908,0.59,0.41,101949
77-846-5000,2020,ID,BALI,7804,799,4944,4520,9713,1782,5111,9596,2175,3013,4387,8258,2572,4964,6208,3545,3303,0.7,0.3,82694
03-667-3990,2020,ID,NUSA TENGGARA BARAT,3731,8237,781,1271,2522,4368,9568,4084,4146,692,4565,3033,7337,8347,1130,4092,5292,0.74,0.26,73196
30-829-6114,2020,ID,NUSA TENGGARA TIMUR,3064,6169,2498,1683,9368,2811,9488,7936,3238,7406,6198,9234,3048,496,5673,3070,6502,0.64,0.36,87882
59-272-3901,2020,ID,KALIMANTAN BARAT,262,660,5559,8046,6236,3506,6260,1236,4804,4886,1400,7167,8347,9370,9067,4693,7943,0.78,0.22,89442
46-912-6050,2020,ID,KALIMANTAN TENGAH,3565,885,1853,9157,2362,8918,1479,9215,9855,5113,3580,399,2979,9224,5260,9657,6080,0.79,0.21,89581
37-125-8130,2020,ID,KALIMANTAN SELATAN,5346,2248,3899,8490,8200,3823,1109,670,4092,6697,2399,5197,6111,3369,5881,1039,8887,0.8,0.2,77457
71-316-7469,2020,ID,KALIMANTAN TIMUR,3423,342,6424,7131,3436,729,5129,9529,6659,3650,9827,3829,2038,3322,4760,906,6866,0.73,0.27,78000
64-022-3723,2020,ID,KALIMANTAN UTARA,348,1977,4445,9556,5755,9748,6823,3407,8441,1530,8677,6808,317,4533,442,4915,4946,0.74,0.26,82668
28-295-4853,2020,ID,SULAWESI UTARA,791,4594,2499,6841,3782,310,6101,5256,2135,5027,3523,7310,8262,6677,3288,8513,8579,0.64,0.36,83488
92-607-7462,2020,ID,SULAWESI TENGAH,7076,5541,7344,840,6637,3649,7747,9008,4244,3395,5648,453,7961,2544,5183,6701,1123,0.66,0.34,85094
40-641-4131,2020,ID,SULAWESI SELATAN,2650,8092,9609,3994,8471,8029,5246,3929,3871,5228,383,8823,1517,5264,4035,4331,4959,0.8,0.2,88431
85-512-5511,2020,ID,SULAWESI TENGGARA,8211,8246,6976,4163,1827,2915,2011,9792,7776,1259,7842,620,6914,8575,9410,3334,9235,0.65,0.35,99106
53-854-8926,2020,ID,GORONTALO,8377,540,4155,317,9253,4274,3413,5682,6958,3319,3245,9554,272,8568,2067,9114,1919,0.6,0.4,81027
24-276-7761,2020,ID,SULAWESI BARAT,7274,2881,1864,7484,7563,1194,8230,4628,7889,2510,4058,720,1324,5022,8735,6909,8758,0.63,0.37,87043
30-606-5049,2020,ID,MALUKU,2420,7286,7918,9510,7212,7396,4633,8471,5647,1358,5827,8456,2822,1305,4733,8466,604,0.6,0.4,94064
51-076-9755,2020,ID,MALUKU UTARA,3274,8840,8390,313,5003,6472,7126,7782,6564,273,3582,6465,1604,3488,9363,9291,3389,0.65,0.35,91219
26-645-4385,2020,ID,PAPUA BARAT,6110,608,976,6834,2826,8202,4648,484,4879,6339,121,1791,2717,846,4298,3411,3655,0.62,0.38,58745
82-375-8731,2020,ID,PAPUA,1404,9328,3039,3637,5229,3743,1971,4288,4468,5223,2548,9041,2059,2491,836,3547,6271,0.73,0.27,69123
29-952-5989,2019,ID,ACEH,4704,5893,5499,5434,6259,3772,6058,7586,366,7447,1305,2067,7540,139,9012,4336,5597,0.7,0.3,83014
47-172-7478,2019,ID,SUMATERA UTARA,2904,6696,4922,9426,7775,4416,7064,6895,2262,1756,6220,3745,4527,1263,8273,1182,4440,0.78,0.22,83766
46-945-0894,2019,ID,SUMATERA BARAT,7339,2445,7377,1758,7942,3960,2869,1692,2530,7792,3416,4206,2547,6306,5680,9644,5237,0.79,0.21,82740
11-240-5898,2019,ID,RIAU,5726,3896,996,6764,8824,6407,9255,5794,6123,4263,5069,6387,3280,7125,1554,6129,4675,0.77,0.23,92267
28-601-5653,2019,ID,JAMBI,7160,1412,1237,9828,2995,2566,8045,1873,490,9220,7352,4618,4814,3282,2197,8973,3078,0.7,0.3,79140
93-579-2613,2019,ID,SUMATERA SELATAN,6004,5056,5634,6350,3937,3453,9588,9640,4022,746,3351,6255,9600,1048,717,141,6997,0.75,0.25,82539
22-066-7683,2019,ID,BENGKULU,3757,3772,7151,5181,5339,1397,418,5384,9869,5806,7034,1638,7149,8810,9695,4655,9073,0.74,0.26,96128
96-616-0784,2019,ID,LAMPUNG,6264,2234,7756,3681,3621,476,7782,7549,8835,5961,5647,3889,7510,9259,2806,9282,1740,0.6,0.4,94292
28-003-6515,2019,ID,KEP. BANGKA BELITUNG,8800,2905,5802,9347,783,7763,4578,8515,2713,2822,164,1768,2137,6813,767,9757,4290,0.62,0.38,79724
37-838-7817,2019,ID,KEP. RIAU,7771,2007,4677,2241,3614,9572,3928,4757,9221,9165,8679,8866,5667,656,2509,595,4031,0.67,0.33,87956
67-955-5288,2019,ID,DKI JAKARTA,3674,2721,7295,4622,7177,5041,7685,1013,4203,2226,150,6611,4603,2643,9179,5903,9695,0.74,0.26,84441
30-807-2899,2019,ID,JAWA BARAT,4731,6164,4027,6811,6757,793,3382,3555,1358,8778,5590,7407,1137,9259,3575,1136,1903,0.6,0.4,76363
48-615-8452,2019,ID,JAWA TENGAH,6447,6614,9521,2307,2533,8337,8131,9264,2794,216,3892,1541,9821,5530,3480,5893,5893,0.59,0.41,92214
72-138-4692,2019,ID,DI YOGYAKARTA,2327,8567,2542,1152,9036,7608,4840,3530,8281,9182,1102,1276,7700,9219,1930,895,6195,0.66,0.34,85382
57-936-8287,2019,ID,JAWA TIMUR,6674,9237,8435,2251,9138,4289,9371,6901,3103,5013,6145,655,5274,5488,4409,8249,2146,0.79,0.21,96778
05-501-8111,2019,ID,BANTEN,9924,4605,6219,1531,9471,8204,5734,931,4028,3848,1878,4674,5515,6629,1158,1533,490,0.69,0.31,76372
09-099-1767,2019,ID,BALI,9219,4232,2488,7797,5776,1632,6453,648,1456,1572,3241,798,1735,7165,4462,6523,2457,0.78,0.22,67654
96-136-6507,2019,ID,NUSA TENGGARA BARAT,1894,5018,8061,8225,5712,1792,344,9452,7546,6544,444,4146,3942,908,1320,2746,2941,0.78,0.22,71035
38-181-8491,2019,ID,NUSA TENGGARA TIMUR,3645,3455,1937,4791,6843,2601,1318,7869,8218,8473,4641,2514,8649,2124,5217,1792,9294,0.67,0.33,83381
77-787-8269,2019,ID,KALIMANTAN BARAT,6199,3361,2876,8316,1658,1266,2709,5712,6032,5062,6999,2923,8417,7819,618,2547,4894,0.59,0.41,77408
24-956-0479,2019,ID,KALIMANTAN TENGAH,7730,9524,8956,2936,9284,7123,1219,5798,2766,8340,663,7913,1855,6714,7269,1571,9552,0.59,0.41,99213
24-863-8079,2019,ID,KALIMANTAN SELATAN,4863,2912,5488,9713,9446,3775,4104,2464,8968,5223,3623,2098,5880,9020,4408,2893,806,0.62,0.38,85684
89-940-1912,2019,ID,KALIMANTAN TIMUR,2657,740,5308,9402,5384,827,6960,6754,794,2455,6698,7960,7205,4972,3493,8450,9912,0.7,0.3,89971
81-146-0021,2019,ID,KALIMANTAN UTARA,4778,8507,7899,3737,5043,6426,3900,288,1344,7149,7243,5821,2804,3877,5611,3746,9240,0.71,0.29,87413
94-947-9810,2019,ID,SULAWESI UTARA,726,4134,2830,5002,4084,1338,5827,7788,233,4079,4992,813,5901,3016,8344,7110,9261,0.8,0.2,75478
43-563-8629,2019,ID,SULAWESI TENGAH,3055,9550,6676,6679,1732,4978,5609,9722,4050,4203,5004,7022,9849,7647,5543,4037,3007,0.67,0.33,98363
50-487-5079,2019,ID,SULAWESI SELATAN,1677,7470,4481,2536,9662,8998,1705,849,2320,5812,7764,7086,7183,490,4509,698,1145,0.8,0.2,74385
47-963-4283,2019,ID,SULAWESI TENGGARA,5817,4670,7156,1470,9514,583,4329,352,2935,7889,4095,5355,6799,5405,8175,7455,5776,0.79,0.21,87775
72-663-1640,2019,ID,GORONTALO,7832,3912,2816,6552,1087,8543,2674,5425,5607,9025,6954,8592,2317,5270,7260,9181,6482,0.77,0.23,99529
76-347-6113,2019,ID,SULAWESI BARAT,6691,9947,5603,4387,7582,3307,3157,1477,4598,2300,5096,5033,3804,2053,3845,5487,1473,0.67,0.33,75840
70-658-2235,2019,ID,MALUKU,8967,9094,3811,4282,856,7657,6124,7954,4224,9875,657,4293,6027,7449,6931,4214,372,0.8,0.2,92787
78-877-0688,2019,ID,MALUKU UTARA,6855,7501,2684,3644,3663,4442,2733,7668,4926,9315,1210,8660,3544,7226,1960,8927,6557,0.75,0.25,91515
12-706-4344,2019,ID,PAPUA BARAT,2669,1072,9365,5166,8501,4721,7993,8223,2967,3959,7049,3338,9912,1746,5929,8976,5929,0.8,0.2,97515
66-760-4917,2019,ID,PAPUA,5647,4157,2166,3587,6795,5634,4834,9413,8919,998,9457,7022,9453,5149,3976,5625,274,0.73,0.27,93106
